1599119269298176.000000 290.555 -3.27765 0 -0 -0.0322685
1599119269298176.000000 290.556 -3.28125 0.000903924 -2.82719e-05 -0.0312666
1599119269298176.000000 290.555 -3.28852 -0.00263457 -3.58464e-05 0.0136053
1599119269298176.000000 290.534 -3.30739 -0.0984661 0.00325677 -0.033063
1599119269298176.000000 290.483 -3.34102 -0.256374 0.00858595 -0.0334775
1599119269298176.000000 290.406 -3.38563 -0.417675 -0.00547637 0.0131108
1599119269298176.000000 290.316 -3.43952 -0.490185 0.00536251 -0.0109393
1599119269298176.000000 290.227 -3.49949 -0.50531 0.00786361 -0.0155607
1599119269298176.000000 290.142 -3.56286 -0.49893 -0.00359904 0.0072134
1599119269298176.000000 290.05 -3.62549 -0.557095 0.000241655 -0.000433777
1599119269298176.000000 289.898 -3.69114 -0.621503 -0.0326173 0.0524333
1599119269298176.000000 289.74 -3.75682 -0.685028 -0.0406781 0.059312
1599119269298176.000000 289.57 -3.81986 -0.766314 -0.0477962 0.0622909
1599119269298176.000000 289.405 -3.88507 -0.782776 -0.0579063 0.0738411
1599119269298176.000000 289.207 -3.94234 -0.902472 -0.0478844 0.0530094
1599119269298176.000000 288.796 -3.95581 -1.37242 0.00582119 -0.00424151
1599119269298176.000000 288.32 -3.94744 -1.70649 0.00796417 -0.00466697
1599119269298176.000000 287.79 -3.92442 -2.0261 0.00257454 -0.00127069
1599119403515904.000000 286.209 -4.00785 -3.67635 0.00382621 -0.00104076
1599119403515904.000000 284.645 -4.16053 -4.21133 -0.0112594 0.00267358
1599119403515904.000000 283.616 -4.37547 -1.68468 0.00813681 -0.00482985
1599119403515904.000000 282.98 -4.61129 -0.675173 0.00978696 -0.0144945
1599119403515904.000000 282.579 -4.85544 -0.0890589 0.000372818 -0.00418617
1599119403515904.000000 282.343 -5.09688 0.325557 -0.00185607 -0.00570115
1599119403515904.000000 282.222 -5.32579 0.628977 -0.00859324 -0.0136614
1599119403515904.000000 282.165 -5.53414 0.797286 -0.0139199 -0.0174573
1599119403515904.000000 282.154 -5.72485 0.92299 -0.0187957 -0.0203612
1599119403515904.000000 282.187 -5.89854 1.05424 -0.0243385 -0.0230822
1599119403515904.000000 282.26 -6.05651 1.18541 -0.023825 -0.0200958
1599119403515904.000000 282.46 -6.19275 1.57805 -0.053802 -0.0340808
1599119403515904.000000 282.765 -6.30826 1.87791 -0.0567672 -0.0302197
1599119403515904.000000 283.095 -6.4005 1.98459 -0.0700194 -0.0352668
1599119403515904.000000 283.403 -6.47509 1.91116 -0.0735671 -0.0384744
1599119403515904.000000 283.661 -6.53553 1.60617 -0.0835749 -0.0519867
1599119403515904.000000 283.824 -6.58254 1.30369 -0.0745182 -0.0570973
1599119403515904.000000 283.901 -6.61898 1.00517 -0.0616897 -0.0612953
1599119403515904.000000 283.905 -6.65357 0.734079 -0.0267763 -0.0364599
1599119403515904.000000 283.817 -6.68352 0.310346 -0.0115143 -0.0370844
1599119403515904.000000 283.641 -6.71277 -0.0445656 0.0012252 -0.0274851
1599119403515904.000000 283.392 -6.73838 -0.368011 0.00965227 -0.0262222
1599119403515904.000000 283.077 -6.76009 -0.6798 0.0168341 -0.0247583
1599119403515904.000000 282.718 -6.77961 -0.924823 0.0205959 -0.0222664
1599119403515904.000000 282.369 -6.80667 -0.866181 0.0117166 -0.0135259
1599119403515904.000000 282.071 -6.84779 -0.730659 0.00590938 -0.00808756
1599119403515904.000000 281.818 -6.8964 -0.653098 0.00456933 -0.00699629
1599119403515904.000000 281.644 -6.97281 -0.402386 0.00574379 -0.0142734
1599119403515904.000000 281.554 -7.07003 -0.158274 0.00185657 -0.0117296
1599119403515904.000000 281.536 -7.18031 0.0590754 -0.000619156 -0.0104804
1599119403515904.000000 281.592 -7.301 0.292431 -0.00507047 -0.0173373
1599119403515904.000000 281.711 -7.42863 0.510826 -0.00553491 -0.0108348
1599119403515904.000000 281.875 -7.55629 0.678186 -0.00262189 -0.00386601
1599119403515904.000000 282.069 -7.68039 0.811319 -0.00399315 -0.00492175
1599119403515904.000000 282.318 -7.79472 0.951923 -0.00624162 -0.00655676
1599119403515904.000000 282.597 -7.90027 1.10072 -0.00924801 -0.0084016
1599119403515904.000000 282.904 -7.99768 1.24934 -0.0211705 -0.0169437
1599119403515904.000000 283.237 -8.08759 1.39592 -0.0232519 -0.0166555
1599119403515904.000000 283.595 -8.17031 1.54182 -0.0252772 -0.0163929
1599119403515904.000000 283.993 -8.24738 1.70355 -0.0283867 -0.0166618
1599119403515904.000000 284.52 -8.32439 1.97395 -0.147091 -0.0743788
1599119403515904.000000 285.513 -8.45525 2.31087 -0.0119133 -0.0051553
1599119403515904.000000 286.475 -8.59273 2.42307 0.00030319 0.000125126
1599119403515904.000000 287.398 -8.73603 2.52148 0.00936443 0.00371385
1599119403515904.000000 288.26 -8.88049 2.50302 -0.00180371 -0.000720614
1599119403515904.000000 289.068 -9.02788 2.48083 0.0118293 0.00476826
1599119403515904.000000 289.818 -9.17852 2.41595 0.0253316 0.0104848
1599119403515904.000000 290.51 -9.33511 2.31452 0.0390694 0.0168785
1599119403515904.000000 291.14 -9.49587 2.21034 0.03324 0.0150373
1599119403515904.000000 291.702 -9.65823 2.09775 0.038514 0.0183576
1599119403515904.000000 292.188 -9.82448 1.96575 0.0377663 0.0192098
1599119403515904.000000 292.607 -10 1.8145 0.0289406 0.0159483
1599119403515904.000000 292.972 -10.1787 1.70306 0.0294462 0.0172884
1599119403515904.000000 293.288 -10.3489 1.63177 0.0282782 0.0173281
1599119403515904.000000 293.554 -10.512 1.5545 0.030738 0.019771
1599119403515904.000000 293.771 -10.669 1.46878 0.0271332 0.0184711
1599119403515904.000000 293.933 -10.8215 1.37245 0.0218457 0.015916
1599119403515904.000000 294.043 -10.9708 1.27985 0.0334856 0.0261578
1599119403515904.000000 294.127 -11.1105 1.20488 0.0293037 0.0243161
1599119403515904.000000 294.172 -11.2455 1.1091 0.0201221 0.0181408
1599119403515904.000000 294.168 -11.3751 1.01599 0.00400872 0.0039456
1599119403515904.000000 294.122 -11.5023 0.912438 -0.000797952 -0.000874527
1599119403515904.000000 294.036 -11.6258 0.811916 -0.00329941 -0.0040637
1599119403515904.000000 293.919 -11.7439 0.723417 -0.00439775 -0.00607906
1599119403515904.000000 293.775 -11.8513 0.645902 -0.00486799 -0.00753659
1599119403515904.000000 293.601 -11.9503 0.556203 -0.00469921 -0.00844853
1599119403515904.000000 293.399 -12.0432 0.456352 -0.00689329 -0.0151041
1599119403515904.000000 293.151 -12.1453 0.232946 0.00357161 0.0153312
1599119403515904.000000 292.849 -12.255 0.0175807 0.000179008 0.0101817
1599119403515904.000000 292.495 -12.3726 -0.217943 -0.00159175 0.00730342
1599119403515904.000000 292.103 -12.4923 -0.419029 -0.00171591 0.00409494
1599119403515904.000000 291.682 -12.6084 -0.607324 -0.000980672 0.00161474
1599119403515904.000000 291.197 -12.7193 -0.872714 0.00170649 -0.00195537
1599119403515904.000000 290.568 -12.8298 -1.35459 -0.00270011 0.0019933
1599119403515904.000000 289.861 -12.93 -1.82164 0.0118348 -0.00649667
1599119403515904.000000 289.088 -13.0091 -2.24992 0.0229832 -0.0102147
1599119403515904.000000 288.28 -13.0619 -2.61396 0.0316574 -0.0121103
1599119403515904.000000 287.38 -13.0586 -3.06628 0.0708648 -0.0231069
1599119403515904.000000 286.445 -13.009 -3.48015 0.11015 -0.0316405
1599119403515904.000000 285.45 -12.9185 -3.89738 0.157984 -0.0405138
1599119403515904.000000 284.43 -12.7985 -4.25571 0.199128 -0.0467567
1599119403515904.000000 283.352 -12.6489 -4.65548 0.217054 -0.0465896
1599119403515904.000000 282.251 -12.4788 -5.00657 0.25575 -0.0510385
1599119403515904.000000 281.119 -12.2915 -5.35419 0.26525 -0.0495001
1599119403515904.000000 279.976 -12.0948 -5.64595 0.296415 -0.0524522
1599119403515904.000000 278.819 -11.8985 -5.90916 0.185206 -0.0313319
1599119403515904.000000 277.645 -11.6901 -6.14025 0.0576439 -0.00938759
1599119403515904.000000 276.479 -11.4603 -6.35831 0.0519129 -0.0081644
1599119403515904.000000 275.199 -11.2243 -6.4373 0.00775368 -0.00120449
1599119403515904.000000 273.971 -10.9815 -6.51102 0.00761989 -0.00117031
1599119403515904.000000 272.754 -10.764 -6.51319 -0.00448968 0.000689321
1599119403515904.000000 271.598 -10.5693 -6.51421 -0.00633134 0.000971927
1599119403515904.000000 270.518 -10.3872 -6.52878 -0.00432391 0.000662285
1599119403515904.000000 269.489 -10.2309 -6.51856 -0.00575711 0.000883187
1599119403515904.000000 268.504 -10.091 -6.51916 -0.0314944 0.00483101
1599119403515904.000000 267.5 -9.96348 -6.52345 -0.0309159 0.00473917
1599119403515904.000000 266.321 -9.89762 -6.4705 -0.0335537 0.0051856
1599119403515904.000000 265.05 -9.83168 -6.47934 -0.0111065 0.00171414
1599119403515904.000000 263.818 -9.80712 -6.43323 0.069206 -0.0107572
1599119403515904.000000 262.568 -9.80144 -6.40865 -0.148961 0.0232396
1599119403515904.000000 261.351 -9.79078 -6.40504 -0.0640218 0.0099952
1599119403515904.000000 260.221 -9.7852 -6.38378 0.0505984 -0.00792592
1599119403515904.000000 258.975 -9.77619 -6.32624 0.221628 -0.0350187
1599119403515904.000000 257.837 -9.78366 -6.23773 0.226199 -0.0362472
1599119403515904.000000 256.803 -9.81055 -6.13697 0.0696988 -0.0113567
1599119403515904.000000 255.867 -9.85207 -6.02372 0.154065 -0.0255708
1599119403515904.000000 255.018 -9.90224 -5.92931 0.164038 -0.0276586
1599119403515904.000000 254.249 -9.9607 -5.84259 0.160993 -0.027548
1599119403515904.000000 253.549 -10.0244 -5.76676 0.187614 -0.0325221
1599119403515904.000000 252.549 -10.1129 -5.63408 0.184688 -0.0327688
1599119403515904.000000 251.549 -10.2641 -5.46507 0.20915 -0.0382516
1599119403515904.000000 250.644 -10.4259 -5.37868 0.213391 -0.0396526
1599119403515904.000000 249.827 -10.5981 -5.30023 0.157206 -0.0296515
1599119403515904.000000 249.081 -10.7627 -5.25196 0.156191 -0.0297308
1599119403515904.000000 248.407 -10.9421 -5.17097 0.155339 -0.0300316
1599119403515904.000000 247.793 -11.1223 -5.11333 0.1147 -0.0224279
1599119403515904.000000 247.238 -11.307 -5.05123 0.0792764 -0.0156932
1599119403515904.000000 246.657 -11.5044 -4.97793 0.00721967 -0.00145033
1599119403515904.000000 246.099 -11.7191 -4.8991 -0.0314641 0.00642233
1599119403515904.000000 245.602 -11.9548 -4.81318 -0.0441086 0.00916387
1599119403515904.000000 245.085 -12.1947 -4.75372 -0.0379491 0.00798287
1599119403515904.000000 244.584 -12.4241 -4.71565 -0.00108353 0.000229772
1599119403515904.000000 244.096 -12.6361 -4.68964 0.0280752 -0.00598658
1599119403515904.000000 243.386 -12.791 -4.65247 -0.236475 0.0507841
1599119403515904.000000 242.674 -12.9288 -4.59077 -0.123537 0.0269033
1599119403515904.000000 242.03 -13.0271 -4.55993 -0.0635145 0.0139279
1599119403515904.000000 241.427 -13.0901 -4.53737 0.0102086 -0.0022499
1599119403515904.000000 240.88 -13.1302 -4.50627 -0.0915778 0.0203195
1599119403515904.000000 240.315 -13.1589 -4.47007 -0.0233578 0.00522532
1599119403515904.000000 239.636 -13.1366 -4.48072 0.0400057 -0.00892817
1599119403515904.000000 238.764 -13.1666 -3.98172 0.160522 -0.0402929
1599119403515904.000000 238.001 -13.2375 -3.56339 0.194102 -0.0544174
1599119403515904.000000 237.258 -13.3984 -3.14091 0.0862576 -0.0274557
1599119403515904.000000 236.644 -13.6054 -2.8201 0.053603 -0.0190052
1599119403515904.000000 236.134 -13.8203 -2.58966 0.0254714 -0.0098355
1599119403515904.000000 235.707 -14.0243 -2.41596 0.0173688 -0.00718906
1599119403515904.000000 235.329 -14.2122 -2.28245 -0.017691 0.00775072
1599119403515904.000000 235.01 -14.4177 -2.08131 -0.0601769 0.0289049
1599119403515904.000000 234.754 -14.6466 -1.86039 -0.0864251 0.0464219
1599119403515904.000000 234.574 -14.8933 -1.64413 -0.0831426 0.0505263
1599119403515904.000000 234.459 -15.1418 -1.45895 -0.0799032 0.054713
1599119403515904.000000 234.38 -15.3918 -1.26719 -0.0947302 0.0746171
1599119403515904.000000 234.356 -15.6458 -1.05776 -0.0799107 0.0754036
1599119403515904.000000 234.388 -15.8933 -0.864954 -0.0587739 0.0678461
1599119403515904.000000 234.463 -16.1533 -0.564952 -0.0362258 0.0640344
1599119403515904.000000 234.611 -16.4147 -0.267862 -0.0114979 0.0428986
1599119403515904.000000 234.816 -16.6635 0.00272502 7.93139e-05 0.0290975
1599119403515904.000000 235.085 -16.9073 0.31117 0.00590883 0.0189868
1599119403515904.000000 235.42 -17.1497 0.655079 0.00714296 0.0109035
1599119403515904.000000 235.815 -17.3815 0.99206 0.00444124 0.00447675
1599119403515904.000000 236.264 -17.6 1.3297 -0.000350896 -0.00026389
1599119403515904.000000 236.784 -17.808 1.70362 -0.00984423 -0.00577836
1599119403515904.000000 237.367 -17.9969 2.0556 -0.015584 -0.0075811
1599119403515904.000000 238.007 -18.1715 2.42789 -0.0132139 -0.00544247
1599119403515904.000000 238.837 -18.3404 2.97299 -0.00665332 -0.00223792
1599119403515904.000000 239.729 -18.4957 3.47015 0.02929 0.00844036
1599119403515904.000000 240.705 -18.6302 3.93164 0.0646686 0.0164468
1599119403515904.000000 241.823 -18.7323 4.37792 0.120152 0.0274382
1599119403515904.000000 243.006 -18.8028 4.80584 0.184432 0.0383579
1599119403515904.000000 244.21 -18.8468 5.20475 0.185258 0.0355789
1599119403515904.000000 245.553 -18.8503 5.588 0.204429 0.0365674
1599119403515904.000000 246.9 -18.8217 5.93585 0.308055 0.0518509
1599119403515904.000000 248.471 -18.7469 6.38519 0.245521 0.0384327
1599119403515904.000000 250.048 -18.6369 6.76332 0.303617 0.0448616
1599119403515904.000000 251.607 -18.496 7.08509 0.325693 0.0459364
1599119403515904.000000 253.154 -18.3244 7.33535 0.300332 0.0409202
1599119403515904.000000 254.917 -18.0827 7.33461 0.0251539 0.00342947
1599119403515904.000000 256.995 -17.7298 7.10601 0.145799 0.0205148
1599119403515904.000000 258.922 -17.3216 6.94011 0.129311 0.0186303
1599119403515904.000000 260.679 -16.8844 6.8359 0.0867732 0.0126931
1599119403515904.000000 262.286 -16.433 6.76063 0.0236701 0.00350116
1599119403515904.000000 263.755 -15.9739 6.66125 -0.0489357 -0.0073462
1599119403515904.000000 265.156 -15.5186 6.5736 -0.226197 -0.0343964
1599119403515904.000000 266.461 -15.0767 6.54557 -0.274843 -0.0419644
1599119403515904.000000 267.75 -14.6466 6.57714 -0.416731 -0.0632759
1599119403515904.000000 269.176 -14.2252 6.56419 -0.645301 -0.0979913
1599119403515904.000000 270.979 -13.8155 6.3818 -0.0226323 -0.00354636
1599119403515904.000000 272.754 -13.4324 6.28878 -0.0412996 -0.00656709
1599119403515904.000000 274.426 -13.0931 6.10638 0.0337617 0.00552888
1599119403515904.000000 275.917 -12.7944 5.95046 0.0237811 0.0039965
1599119403515904.000000 277.263 -12.5296 5.83988 -0.0407079 -0.00697057
1599119403515904.000000 278.483 -12.2889 5.75219 -0.0326385 -0.00567403
1599119403515904.000000 279.798 -12.0934 5.4358 -0.06909 -0.0127095
1599119403515904.000000 280.997 -11.9434 4.94973 -0.043581 -0.0088045
1599119403515904.000000 282.04 -11.8367 4.58989 -0.112879 -0.0245879
1599119403515904.000000 283.083 -11.7505 4.21629 -0.0874672 -0.0207421
1599119403515904.000000 284.077 -11.6733 3.87065 -0.0510829 -0.0131967
1599119403515904.000000 284.909 -11.5994 3.57932 -0.0253051 -0.00706968
1599119403515904.000000 285.62 -11.5344 3.28083 -0.0606914 -0.0184967
1599119403515904.000000 286.229 -11.4651 3.01615 0.0451693 0.0149747
1599119403515904.000000 286.757 -11.3926 2.72804 0.0309413 0.0113415
1599119403515904.000000 287.178 -11.3144 2.29114 0.0656141 0.0286304
1599119403515904.000000 287.446 -11.2349 1.85422 0.0735543 0.0396478
1599119403515904.000000 287.583 -11.1562 1.48454 0.0678617 0.0456805
1599119403515904.000000 287.611 -11.0998 1.06797 0.0186449 0.0174566
1599119403515904.000000 287.524 -11.0573 0.706006 0.011783 0.0166881
1599119403515904.000000 287.344 -11.0252 0.378162 0.00368258 0.0097378
1599119403515904.000000 287.097 -11.0016 0.103082 0.00265129 0.0257145
1599119403515904.000000 286.806 -10.9852 -0.106195 -0.00416988 0.0392461
1599119403515904.000000 286.49 -10.9751 -0.269032 -0.00581937 0.0216274
1599119403515904.000000 286.163 -10.9692 -0.393142 -0.0054951 0.0139765
1599119403515904.000000 285.837 -10.9659 -0.484479 -0.00393715 0.00812639
1599119403515904.000000 285.519 -10.9635 -0.550768 -0.0021551 0.00391288
1599119403515904.000000 285.207 -10.9606 -0.614666 0.000553989 -0.000901285
1599119403515904.000000 284.902 -10.9563 -0.678456 -0.00758048 0.0111727
1599119403515904.000000 284.607 -10.9518 -0.720885 -8.43106e-05 0.000116954
1599119403515904.000000 284.33 -10.9467 -0.734208 0.00787628 -0.0107272
1599119403515904.000000 284.064 -10.9373 -0.76172 0.0152485 -0.0200159
1599119403515904.000000 283.791 -10.9237 -0.830342 0.0207764 -0.0250162
1599119403515904.000000 283.494 -10.9063 -0.936412 0.0278821 -0.0297667
1599119403515904.000000 283.179 -10.8853 -1.06318 0.0378078 -0.0355461
1599119403515904.000000 282.849 -10.8617 -1.18199 0.0401637 -0.0339665
1599119403515904.000000 282.511 -10.8358 -1.27951 0.041758 -0.0326242
1599119403515904.000000 282.173 -10.8075 -1.35304 0.0426068 -0.0314794
1599119403515904.000000 281.846 -10.7769 -1.36047 0.0150999 -0.0110986
1599119403515904.000000 281.536 -10.7424 -1.30471 0.0173963 -0.0133327
1599119403515904.000000 281.255 -10.7044 -1.24886 0.0187213 -0.0149896
1599119403515904.000000 280.962 -10.6628 -1.23977 0.0350746 -0.0282837
1599119403515904.000000 280.687 -10.6209 -1.24253 0.0309519 -0.0249054
1599119403515904.000000 280.416 -10.5782 -1.2781 0.0285076 -0.0223009
1599119403515904.000000 280.158 -10.5376 -1.29442 0.0255551 -0.01974
1599119403515904.000000 279.917 -10.499 -1.29482 0.0325929 -0.0251664
1599119403515904.000000 279.685 -10.4644 -1.2436 -0.00508321 0.00408746
1599119403515904.000000 279.485 -10.4341 -1.18555 0.00541912 -0.00457095
1599119403515904.000000 279.262 -10.4085 -1.17052 0.000444803 -0.000380005
1599119403515904.000000 279.047 -10.3845 -1.18506 0.0131106 -0.0110627
1599119403515904.000000 278.808 -10.3595 -1.24811 0.0103071 -0.00825798
1599119403515904.000000 278.55 -10.3327 -1.32019 -0.0308709 0.0233794
1599119403515904.000000 278.223 -10.2925 -1.47332 -0.0840088 0.0569586
1599119403515904.000000 277.879 -10.246 -1.57791 -0.0642238 0.0406795
1599119403515904.000000 277.524 -10.1999 -1.62874 -0.0985602 0.0604394
1599119403515904.000000 277.178 -10.1573 -1.65637 -0.11755 0.0708496
1599119403515904.000000 276.844 -10.1237 -1.65417 -0.0797494 0.0481739
1599119403515904.000000 276.531 -10.1036 -1.61778 -0.0985628 0.0608494
1599119403515904.000000 276.258 -10.1014 -1.55221 -0.107109 0.0688949
1599119403515904.000000 276.015 -10.1132 -1.495 -0.114055 0.0761436
1599119403515904.000000 275.792 -10.1303 -1.47296 -0.0756168 0.0512914
1599119403515904.000000 275.558 -10.141 -1.50054 -0.0533204 0.0355193
1599119403515904.000000 275.306 -10.1418 -1.54822 -0.0728766 0.0470366
1599119403515904.000000 275.048 -10.1349 -1.59043 -0.0903249 0.0567317
1599119403515904.000000 274.795 -10.1265 -1.60937 -0.0730978 0.0453889
1599119403515904.000000 274.39 -10.1019 -1.68776 -0.126254 0.0746667
1599119403515904.000000 273.973 -10.0548 -1.78434 -0.13895 0.0777148
1599119403515904.000000 273.558 -9.98551 -1.88977 -0.0863014 0.0456359
1599119403515904.000000 273.13 -9.90199 -1.97933 -0.0517793 0.0261541
1599119403515904.000000 272.585 -9.79496 -2.19742 -0.0049124 0.00223553
1599119403515904.000000 271.946 -9.65918 -2.5028 0.024047 -0.00960773
1599119403515904.000000 271.296 -9.51445 -2.72229 0.0283819 -0.0104254
1599119403515904.000000 270.649 -9.37058 -2.87905 0.0585529 -0.0203348
1599119403515904.000000 270.011 -9.23733 -2.96975 0.0589455 -0.0198461
1599119403515904.000000 269.401 -9.1173 -3.02338 0.0561661 -0.0185751
1599119403515904.000000 268.833 -9.01397 -3.02459 0.0731467 -0.0241793
1599119403515904.000000 268.319 -8.92986 -2.97947 0.0658493 -0.0220974
1599119403515904.000000 267.847 -8.85996 -2.92675 0.0642398 -0.0219457
1599119403515904.000000 267.41 -8.80148 -2.88332 0.0626221 -0.0217153
1599119403515904.000000 266.985 -8.74859 -2.86882 0.0822992 -0.0286796
1599119403515904.000000 266.584 -8.70278 -2.85278 0.0936746 -0.0328245
1599119403515904.000000 266.212 -8.66524 -2.82647 0.0717671 -0.0253856
1599119403515904.000000 265.84 -8.63162 -2.82345 0.0710258 -0.0251504
1599119403515904.000000 265.477 -8.6007 -2.84201 0.0670718 -0.0235958
1599119403515904.000000 265.132 -8.57565 -2.83292 0.06099 -0.0215257
1599119403515904.000000 264.798 -8.55392 -2.83151 0.0571608 -0.0201847
1599119403515904.000000 264.458 -8.53128 -2.86008 0.0730913 -0.0255501
1599119403515904.000000 264.115 -8.5093 -2.90356 0.0694274 -0.0239066
1599119403515904.000000 263.76 -8.48494 -2.98646 0.0689004 -0.0230668
1599119403515904.000000 263.331 -8.45908 -3.13497 0.0687006 -0.0219108
1599119403515904.000000 262.871 -8.43061 -3.30097 0.0876459 -0.0265453
1599119403515904.000000 262.378 -8.40143 -3.46699 0.083208 -0.0239955
1599119403515904.000000 261.781 -8.3701 -3.67244 0.0801002 -0.0218077
1599119403515904.000000 261.159 -8.33903 -3.85634 0.098171 -0.0254515
1599119403515904.000000 260.517 -8.30877 -4.03018 0.0892507 -0.022142
1599119403515904.000000 259.871 -8.28246 -4.15325 0.0756871 -0.0182216
1599119403515904.000000 259.232 -8.25996 -4.23188 0.0649047 -0.0153359
1599119403515904.000000 258.607 -8.23797 -4.2833 0.0825608 -0.0192726
1599119403515904.000000 257.993 -8.21514 -4.33989 0.0987426 -0.0227484
1599119403515904.000000 257.384 -8.19105 -4.39037 0.143491 -0.0326715
1599119403515904.000000 256.79 -8.16799 -4.44039 0.12896 -0.0290344
1599119403515904.000000 256.201 -8.14326 -4.50228 0.143922 -0.0319556
1599119403515904.000000 255.618 -8.11905 -4.55594 0.152737 -0.0335122
1599119403515904.000000 255.042 -8.09578 -4.6012 0.16014 -0.03479
1599119403515904.000000 254.419 -8.06787 -4.69704 0.178533 -0.0379913
1599119403515904.000000 253.749 -8.03586 -4.77837 0.231479 -0.0484052
1599119403515904.000000 253.038 -8.00011 -4.89491 0.216239 -0.0441477
1599119403515904.000000 252.331 -7.96209 -5.0245 0.198631 -0.039512
1599119403515904.000000 251.296 -7.91096 -5.22292 -0.126709 0.0242554
1599119403515904.000000 250.153 -7.8163 -5.5269 0.0274957 -0.00497484
1599119403515904.000000 248.905 -7.63741 -5.88198 0.0478201 -0.00812975
1599119403515904.000000 247.332 -7.28742 -6.24761 0.0589808 -0.00944026
1599119403515904.000000 245.728 -6.93706 -6.31162 0.157671 -0.0249758
1599119403515904.000000 244.125 -6.60147 -6.359 0.182212 -0.0286464
1599119403515904.000000 242.561 -6.29472 -6.39184 0.176031 -0.0275329
1599119403515904.000000 241.037 -6.04317 -6.37885 0.146903 -0.0230256
1599119403515904.000000 239.606 -5.83423 -6.38285 0.0786542 -0.0123221
1599119403515904.000000 237.802 -5.75444 -6.08843 -0.453462 0.074342
1599119403515904.000000 236.126 -5.81945 -5.72214 -0.135536 0.0236818
1599119403515904.000000 234.583 -5.96793 -5.40129 -0.0840918 0.0155676
1599119403515904.000000 233.202 -6.17383 -5.09418 -0.0141761 0.0027828
1599119403515904.000000 231.985 -6.39669 -4.87936 -0.00531685 0.00108966
1599119403515904.000000 230.755 -6.63677 -4.57571 -0.159437 0.0348301
1599119403515904.000000 229.675 -6.87965 -4.34405 -0.0599022 0.0137886
1599119403515904.000000 228.712 -7.11458 -4.19498 -0.141294 0.0336689
1599119403515904.000000 227.815 -7.35434 -4.05591 -0.119159 0.0293706
1599119403515904.000000 227.01 -7.58356 -3.97208 -0.0932329 0.0234677
1599119403515904.000000 226.252 -7.80589 -3.89351 -0.084057 0.0215856
1599119403515904.000000 225.56 -8.0081 -3.86082 -0.0441698 0.01144
1599119403515904.000000 224.915 -8.17596 -3.87743 -0.0390575 0.0100727
1599119403515904.000000 224.307 -8.31021 -3.90683 -0.0136223 0.00348678
1599119403515904.000000 223.727 -8.41829 -3.92527 -0.0831133 0.0211707
1599119403515904.000000 223.182 -8.50623 -3.93769 -0.136847 0.0347391
1599119403515904.000000 222.668 -8.58189 -3.94171 -0.101337 0.0257033
1599119403515904.000000 222.186 -8.65094 -3.9331 -0.0900707 0.0228967
1599119403515904.000000 221.712 -8.73205 -3.88759 -0.0622642 0.0160148
1599119403515904.000000 221.275 -8.80874 -3.87078 -0.0539782 0.0139441
1599119403515904.000000 220.856 -8.86385 -3.88791 -0.108911 0.0280055
1599119403515904.000000 220.289 -8.88709 -3.93306 -0.0755622 0.0192097
1599119403515904.000000 219.73 -8.89798 -3.94262 -0.030066 0.00762576
1599119403515904.000000 219.149 -8.88935 -3.95583 0.02014 -0.00509118
1599119403515904.000000 218.379 -8.89581 -3.82168 -0.143597 0.0375567
1599119403515904.000000 217.665 -8.91771 -3.68869 -0.201355 0.0545329
1599119403515904.000000 217.006 -8.95977 -3.56251 -0.115513 0.0324134
1599119403515904.000000 216.385 -9.01845 -3.45841 -0.0440723 0.0127428
1599119403515904.000000 215.831 -9.08597 -3.37431 -0.00219575 0.000650725
1599119403515904.000000 215.342 -9.16151 -3.29422 0.0221163 -0.00671355
1599119403515904.000000 214.893 -9.23909 -3.23343 0.0109037 -0.00337216
1599119403515904.000000 214.4 -9.33503 -3.14617 -0.0154245 0.00490257
1599119403515904.000000 213.892 -9.52251 -2.90624 -0.0130123 0.00447733
1599119403515904.000000 213.482 -9.75524 -2.73467 0.00117447 -0.000429473
1599119403515904.000000 213.108 -10.0055 -2.60737 0.040355 -0.015476
1599119403515904.000000 212.782 -10.2546 -2.48409 0.0509764 -0.0205183
1599119403515904.000000 212.44 -10.4949 -2.32939 -0.0263978 0.011332
1599119403515904.000000 212.13 -10.7077 -2.23561 0.00401075 -0.00179403
1599119403515904.000000 211.847 -10.9192 -2.09732 0.0130668 -0.00623012
1599119403515904.000000 211.549 -11.1529 -1.88642 0.015566 -0.00825143
1599119403515904.000000 211.301 -11.3952 -1.70571 0.0180119 -0.0105594
1599119403515904.000000 211.107 -11.6371 -1.54378 0.0168265 -0.0108991
1599119403515904.000000 210.948 -11.8532 -1.45098 0.0151051 -0.0104099
1599119403515904.000000 210.827 -12.0367 -1.38857 -0.0181179 0.0130472
1599119403515904.000000 210.736 -12.1906 -1.33238 -0.00393092 0.0029503
1599119403515904.000000 210.664 -12.3104 -1.3004 -0.00272622 0.00209645
1599119403515904.000000 210.595 -12.4205 -1.19964 -0.00720961 0.00600973
1599119403515904.000000 210.531 -12.5194 -1.09453 0.0101657 -0.00928748
1599119403515904.000000 210.507 -12.6204 -0.942876 0.011539 -0.0122374
1599119403515904.000000 210.493 -12.7121 -0.808579 0.0139243 -0.0172189
1599119403515904.000000 210.518 -12.7957 -0.662134 0.0211344 -0.0319078
1599119403515904.000000 210.583 -12.874 -0.499999 0.0168325 -0.0336523
1599119403515904.000000 210.687 -12.9485 -0.323703 0.0116289 -0.0359093
1599119403515904.000000 210.823 -13.0139 -0.14024 0.00572475 -0.0407985
1599119403515904.000000 210.993 -13.072 0.049777 -0.00212479 -0.0426603
1599119403515904.000000 211.201 -13.1263 0.260254 -0.0115405 -0.0443142
1599119403515904.000000 211.44 -13.1734 0.461368 -0.0210354 -0.045562
1599119403515904.000000 211.703 -13.2088 0.638085 -0.0334391 -0.0523575
1599119403515904.000000 211.985 -13.2326 0.804667 -0.0425191 -0.0527915
1599119403515904.000000 212.29 -13.2483 0.982241 -0.0518667 -0.0527555
1599119403515904.000000 212.674 -13.2633 1.22704 -0.0545358 -0.0444157
1599119403515904.000000 213.086 -13.271 1.46248 -0.0501712 -0.034292
1599119403515904.000000 213.528 -13.2714 1.71467 -0.0471818 -0.0275097
1599119403515904.000000 213.996 -13.2557 1.94693 -0.0422254 -0.0216848
1599119403515904.000000 214.483 -13.2234 2.17761 -0.0390984 -0.0179528
1599119403515904.000000 214.999 -13.1711 2.4157 -0.0334983 -0.013866
1599119403515904.000000 215.566 -13.0893 2.66668 -0.0229734 -0.00861478
1599119403515904.000000 216.326 -12.9216 3.05687 -0.00226345 -0.000740445
1599119403515904.000000 217.126 -12.6839 3.37141 -0.00641437 -0.00190257
1599119403515904.000000 217.994 -12.4024 3.56026 -0.0470612 -0.0132177
1599119403515904.000000 218.835 -12.1114 3.67047 -0.0376408 -0.0102547
1599119403515904.000000 219.648 -11.8184 3.75881 -0.0344084 -0.0091538
1599119403515904.000000 220.426 -11.5253 3.83331 -0.0324919 -0.008476
1599119403515904.000000 221.231 -11.2493 3.85535 -0.0296317 -0.0076857
1599119403515904.000000 221.978 -10.9938 3.86149 0.0629702 0.0163058
1599119403515904.000000 222.67 -10.7616 3.85921 0.0461932 0.011969
1599119403515904.000000 223.366 -10.5529 3.84965 0.0371207 0.00964232
1599119403515904.000000 224.019 -10.369 3.83598 -0.0049971 -0.00130269
1599119403515904.000000 224.614 -10.2126 3.81084 -0.0334377 -0.00877414
1599119403515904.000000 225.168 -10.0815 3.77917 -0.0294137 -0.00778296
1599119403515904.000000 225.682 -9.97658 3.73578 -0.0238463 -0.00638312
1599119403515904.000000 226.169 -9.89497 3.68657 0.000189355 5.13635e-05
1599119403515904.000000 226.612 -9.83199 3.63759 0.00612719 0.0016844
1599119403515904.000000 227.005 -9.7849 3.58582 0.0122501 0.00341626
1599119403515904.000000 227.404 -9.75422 3.49698 0.10081 0.0288198
1599119403515904.000000 227.867 -9.76897 3.34117 0.076307 0.0228344
1599119403515904.000000 228.256 -9.82017 3.2061 0.0237644 0.00741212
1599119403515904.000000 228.586 -9.89095 3.0913 0.00686902 0.00222205
1599119403515904.000000 228.865 -9.96741 2.98174 0.0923843 0.0309734
1599119403515904.000000 229.193 -10.0543 2.83524 0.0340658 0.0120146
1599119403515904.000000 229.477 -10.1436 2.69787 0.019451 0.00720964
1599119403515904.000000 229.757 -10.2247 2.49935 0.113696 0.0454588
1599119403515904.000000 230.027 -10.2932 2.3095 0.175946 0.0760368
1599119403515904.000000 230.241 -10.3614 2.13835 0.131084 0.0612251
1599119403515904.000000 230.402 -10.4264 1.98122 0.100899 0.0508837
1599119403515904.000000 230.523 -10.4861 1.84116 0.0644031 0.0349654
1599119403515904.000000 230.643 -10.5355 1.71786 0.0254885 0.0148363
1599119403515904.000000 230.738 -10.5746 1.6134 0.0119276 0.00739268
1599119403515904.000000 230.828 -10.6017 1.53153 -0.00914668 -0.0059722
1599119403515904.000000 230.915 -10.6149 1.45413 -0.0243982 -0.0167769
1599119403515904.000000 230.987 -10.6175 1.38347 -0.027159 -0.0196286
1599119403515904.000000 231.043 -10.6096 1.30085 -0.0306615 -0.0235659
1599119403515904.000000 231.082 -10.594 1.21052 -0.0394151 -0.032549
1599119403515904.000000 231.105 -10.5717 1.12982 -0.0454231 -0.0401822
1599119403515904.000000 231.131 -10.5447 1.04861 -0.0623841 -0.059422
1599119403515904.000000 231.145 -10.5136 0.991079 -0.0517587 -0.0521772
1599119403515904.000000 231.148 -10.4781 0.926602 -0.0457553 -0.0493395
1599119403515904.000000 231.159 -10.4387 0.895779 -0.0277951 -0.031019
1599119403515904.000000 231.165 -10.3957 0.853734 -0.0252933 -0.029618
1599119403515904.000000 231.178 -10.3514 0.80372 -0.032839 -0.0408361
1599119403515904.000000 231.185 -10.3056 0.741308 -0.0274181 -0.0369693
1599119403515904.000000 231.189 -10.2611 0.714813 -0.0227106 -0.0317608
1599119403515904.000000 231.221 -10.2169 0.709134 0.00494319 0.00697063
1599119403515904.000000 231.259 -10.1739 0.703809 -0.00436632 -0.00620377
1599119403515904.000000 231.316 -10.1323 0.739182 -0.0117114 -0.0158424
1599119403515904.000000 231.408 -10.0903 0.832291 -0.0191968 -0.0230609
1599119403515904.000000 231.536 -10.0467 0.938958 0.00671584 0.00715232
1599119403515904.000000 231.681 -10.0009 0.988526 -0.0120353 -0.0121744
1599119403515904.000000 231.823 -9.954 0.986048 0.0121615 0.012333
1599119403515904.000000 231.959 -9.90752 0.988729 0.00843275 0.00852868
1599119403515904.000000 232.095 -9.86233 0.959804 0.00571677 0.00595611
1599119403515904.000000 232.225 -9.81957 0.923103 -0.00727956 -0.00788581
1599119403515904.000000 232.342 -9.78045 0.871379 -0.0170786 -0.019597
1599119403515904.000000 232.441 -9.74224 0.838105 0.00668721 0.00797879
1599119403515904.000000 232.565 -9.69964 0.862034 0.031097 0.0360584
1599119403515904.000000 232.697 -9.66039 0.819268 0.00235047 0.00286898
1599119403515904.000000 232.8 -9.62653 0.766128 -0.0106913 -0.013954
1599119403515904.000000 232.931 -9.59147 0.767621 -0.0280893 -0.0365763
1599119403515904.000000 233.042 -9.55741 0.731217 -0.0279732 -0.038237
1599119403515904.000000 233.131 -9.52574 0.682932 -0.0268746 -0.0393316
1599119403515904.000000 233.198 -9.49632 0.626593 -0.020543 -0.0327735
1599119403515904.000000 233.243 -9.46956 0.560941 -0.0158392 -0.0282293
1599119403515904.000000 233.266 -9.44556 0.495574 -0.0151927 -0.0306472
1599119403515904.000000 233.274 -9.42337 0.441767 -0.0144784 -0.0327621
1599119403515904.000000 233.273 -9.40148 0.402688 -0.0140214 -0.0348054
1599119403515904.000000 233.268 -9.37744 0.374915 -0.00508392 -0.0135594
1599119403515904.000000 233.262 -9.35232 0.361829 -0.00440616 -0.0121768
1599119403515904.000000 233.263 -9.32596 0.352842 -0.00605926 -0.017171
1599119403515904.000000 233.261 -9.29743 0.335057 0.00123185 0.00367653
1599119403515904.000000 233.256 -9.27018 0.30507 -0.000975877 -0.00319886
1599119403515904.000000 233.264 -9.24195 0.326013 -0.00385104 -0.011812
1599119403515904.000000 233.286 -9.21155 0.365329 -0.00692185 -0.0189446
1599119403515904.000000 233.301 -9.18388 0.250323 -0.00463975 -0.018533
1599119403515904.000000 233.286 -9.15856 0.125606 -0.00389444 -0.0309952
1599119403515904.000000 233.235 -9.13485 -0.0143607 -0.000135506 0.00943561
1599119403515904.000000 233.149 -9.11323 -0.153137 -0.00155311 0.0101416
1599119403515904.000000 233.019 -9.09405 -0.334035 0.000489027 -0.001464
1599119403515904.000000 232.842 -9.07652 -0.527338 -0.0114321 0.0216755
1599119403515904.000000 232.604 -9.0561 -0.726924 -0.0100973 0.0138895
1599119403515904.000000 232.338 -9.0335 -0.855917 0.00499419 -0.00583484
1599119403515904.000000 232.052 -9.00792 -0.994519 -0.0204388 0.0205485
1599119403515904.000000 231.731 -8.97697 -1.15582 -0.015351 0.0132807
1599119403515904.000000 231.356 -8.94618 -1.20243 -0.00432349 0.00359561
1599119403515904.000000 231 -8.91649 -1.22832 -0.000751967 0.000612189
1599119403515904.000000 230.619 -8.88465 -1.291 0.00258023 -0.00199863
1599119403515904.000000 230.246 -8.85236 -1.34642 0.00114393 -0.000849608
1599119403515904.000000 229.887 -8.82717 -1.33887 -0.00155601 0.00116218
1599119403515904.000000 229.514 -8.80563 -1.33555 0.0152596 -0.0114252
1599119403515904.000000 229.159 -8.78623 -1.3496 0.0120079 -0.00889716
1599119403515904.000000 228.817 -8.76697 -1.38001 0.0107159 -0.0077649
1599119403515904.000000 228.466 -8.74532 -1.44508 0.0111217 -0.00769609
1599119403515904.000000 227.974 -8.71202 -1.60329 0.000856026 -0.000533919
1599119403515904.000000 227.488 -8.67101 -1.69966 0.0359051 -0.0211218
1599119403515904.000000 227.016 -8.62409 -1.7699 0.0529417 -0.0299034
1599119403515904.000000 226.459 -8.56273 -1.97709 0.0540364 -0.0273245
1599119403515904.000000 225.902 -8.49347 -2.09731 0.0511214 -0.0243699
1599119403515904.000000 225.367 -8.41899 -2.18144 0.0489799 -0.0224492
1599119403515904.000000 224.828 -8.34075 -2.22808 0.040389 -0.0181253
1599119403515904.000000 224.259 -8.24985 -2.32215 0.0319971 -0.0137782
1599119403515904.000000 223.69 -8.14774 -2.41333 0.0285397 -0.0118253
1599119403515904.000000 223.112 -8.06767 -2.36751 0.018294 -0.00772692
1599119403515904.000000 222.592 -8.01123 -2.31066 0.00300325 -0.00129973
1599119403515904.000000 222.118 -7.97107 -2.2719 0.00647514 -0.00285009
1599119403515904.000000 221.698 -7.94487 -2.23581 0.0100098 -0.00447701
1599119403515904.000000 221.322 -7.93036 -2.20306 0.0115522 -0.00524365
1599119403515904.000000 220.982 -7.92199 -2.18438 0.0128202 -0.00586898
1599119403515904.000000 220.569 -7.88388 -2.25719 0.0181563 -0.00804358
1599119403515904.000000 220.174 -7.8276 -2.30791 0.0270421 -0.0117166
1599119403515904.000000 219.801 -7.76408 -2.33384 0.0341957 -0.0146511
1599119403515904.000000 219.447 -7.69361 -2.35884 0.0562126 -0.0238261
1599119403515904.000000 219.046 -7.61287 -2.39477 0.0639841 -0.0267119
1599119403515904.000000 218.666 -7.53327 -2.40503 0.0626985 -0.0260639
1599119403515904.000000 218.311 -7.45616 -2.4114 0.0610556 -0.0253142
1599119403515904.000000 217.978 -7.38263 -2.41374 0.059636 -0.0247018
1599119403515904.000000 217.657 -7.31223 -2.41733 0.0581133 -0.0240357
1599119403515904.000000 217.339 -7.25348 -2.38754 0.0533146 -0.0223267
1599119403515904.000000 217.048 -7.20766 -2.34802 0.0491597 -0.0209336
1599119403515904.000000 216.676 -7.1939 -2.22072 0.0431661 -0.0194354
1599119403515904.000000 216.324 -7.20701 -2.10916 0.0686499 -0.032537
1599119403515904.000000 215.985 -7.23145 -2.02423 0.0600316 -0.0296478
1599119403515904.000000 215.662 -7.26555 -1.95911 -0.0181032 0.00924025
1599119403515904.000000 215.38 -7.30782 -1.89525 -0.00375732 0.00198249
1599119403515904.000000 215.096 -7.36624 -1.81544 0.0119537 -0.00658438
1599119403515904.000000 214.768 -7.44092 -1.74226 0.0284327 -0.016318
1599119403515904.000000 214.418 -7.51934 -1.69425 0.0177181 -0.0104574
1599119403515904.000000 214.072 -7.62039 -1.58319 0.0328996 -0.0207775
1599119403515904.000000 213.759 -7.75529 -1.41755 -0.0203272 0.0143387
1599119403515904.000000 213.455 -7.89911 -1.31743 -0.0114864 0.0087186
1599119403515904.000000 213.18 -8.02959 -1.28822 -0.00474698 0.0036849
1599119403515904.000000 212.904 -8.15444 -1.24379 -0.00247157 0.00198713
1599119403515904.000000 212.649 -8.26492 -1.23199 -0.0119069 0.00966448
1599119403515904.000000 212.412 -8.36068 -1.22977 -0.00782429 0.00636233
1599119403515904.000000 212.192 -8.45386 -1.18977 -0.00559074 0.00469899
1599119403515904.000000 211.989 -8.53649 -1.17787 -0.00360336 0.00305919
1599119403515904.000000 211.771 -8.59891 -1.20826 -0.00889574 0.00736228
1599119403515904.000000 211.514 -8.64454 -1.2402 0.011507 -0.00927812
1599119403515904.000000 211.268 -8.6783 -1.25534 0.0118192 -0.00941484
1599119403515904.000000 211.027 -8.71496 -1.20222 0.0143075 -0.0119003
1599119403515904.000000 210.815 -8.75287 -1.15009 0.0146203 -0.0127117
1599119403515904.000000 210.602 -8.79039 -1.06298 0.0421706 -0.0396514
1599119403515904.000000 210.427 -8.83173 -0.965673 0.0328075 -0.0339606
1599119403515904.000000 210.28 -8.86861 -0.899296 0.0340465 -0.037841
1599119403515904.000000 210.161 -8.90541 -0.81541 0.0285961 -0.0350552
1599119403515904.000000 210.069 -8.94211 -0.727966 0.0187795 -0.0257915
1599119403515904.000000 210.008 -8.97968 -0.622976 0.0159433 -0.0255866
1599119403515904.000000 209.963 -9.01483 -0.504396 0.0128752 -0.0255205
1599119403515904.000000 209.942 -9.04687 -0.410012 0.000575789 -0.00140432
1599119403515904.000000 209.97 -9.08753 -0.180654 0.00208006 -0.0115135
1599119403515904.000000 210.054 -9.13397 0.0358704 -0.000462096 -0.0128817
1599119403515904.000000 210.199 -9.18496 0.2837 -0.00630498 -0.0222205
1599119403515904.000000 210.408 -9.23737 0.536608 0.00993661 0.0185153
1599119403515904.000000 210.675 -9.28958 0.790342 0.00883653 0.0111802
1599119403515904.000000 211.025 -9.33277 1.08465 0.00875049 0.00806741
1599119403515904.000000 211.485 -9.35335 1.44754 -0.0132084 -0.00912449
1599119403515904.000000 212.043 -9.35491 1.79258 -0.0362201 -0.0202028
1599119403515904.000000 212.649 -9.34141 2.08382 -0.0333966 -0.0160253
1599119403515904.000000 213.287 -9.31668 2.33445 -0.0465779 -0.0199497
1599119403515904.000000 213.947 -9.28325 2.55112 -0.0583152 -0.0228546
1599119403515904.000000 214.619 -9.24334 2.73973 -0.067012 -0.0244545
1599119403515904.000000 215.304 -9.19936 2.92496 -0.0772015 -0.026388
1599119403515904.000000 215.996 -9.15309 3.09262 -0.102782 -0.0332224
1599119403515904.000000 216.695 -9.10439 3.2505 -0.0940603 -0.0289292
1599119403515904.000000 217.455 -9.05693 3.45095 -0.135871 -0.0393517
1599119403515904.000000 218.495 -9.01376 3.87009 -0.224439 -0.0579284
1599119403515904.000000 219.576 -8.96629 4.22823 -0.157135 -0.0371462
1599119403515904.000000 220.679 -8.9188 4.53254 -0.196324 -0.0432872
1599119403515904.000000 221.84 -8.86658 4.84057 -0.0290382 -0.00599884
1599119403515904.000000 223.009 -8.80173 5.10788 0.0910441 0.0178224
1599119403515904.000000 224.464 -8.63628 5.40911 -0.10383 -0.019193
1599119403515904.000000 225.885 -8.43404 5.59317 -0.127766 -0.0228393
1599119403515904.000000 227.265 -8.22269 5.72677 -0.219246 -0.0382657
1599119403515904.000000 228.651 -8.01332 5.84789 -0.316731 -0.0541088
1599119403515904.000000 230.269 -7.82478 6.03336 -0.414161 -0.0685377
1599119403515904.000000 231.835 -7.64765 6.20946 -0.442557 -0.0711511
1599119403515904.000000 233.391 -7.49048 6.30724 -0.523474 -0.0828059
1599119403515904.000000 235.055 -7.43464 6.20264 -0.288798 -0.0465269
1599119403515904.000000 236.645 -7.45564 6.0925 -0.159647 -0.0261979
1599119403515904.000000 238.267 -7.56505 5.96675 -0.0866438 -0.0145201
1599119403515904.000000 239.892 -7.69985 5.91916 -0.0703681 -0.0118876
1599119403515904.000000 241.546 -7.81777 5.92401 -0.0532677 -0.00899159
1599119403515904.000000 243.419 -7.92125 5.91707 0.344285 0.0581196
1599119403515904.000000 245.653 -8.15875 5.53119 0.00168069 0.000303857
1599119403515904.000000 247.684 -8.42545 5.15222 0.326402 0.0632673
1599119403515904.000000 249.499 -8.69955 4.75762 0.306428 0.0643189
1599119403515904.000000 251.154 -8.96075 4.32244 0.291564 0.0673515
1599119403515904.000000 252.652 -9.17901 3.68308 0.313225 0.0848402
1599119403515904.000000 253.903 -9.35406 3.11507 0.354432 0.113292
1599119403515904.000000 254.985 -9.53557 2.55781 0.304911 0.118648
1599119403515904.000000 255.243 -9.73552 -3.23375 0.013601 -0.00420593
1599119403515904.000000 254.736 -9.89543 -5.82104 0.236496 -0.0406054
1599119403515904.000000 253.81 -10.0046 -7.1071 0.172255 -0.0242322
1599119403515904.000000 252.756 -10.07 -7.74168 0.365897 -0.0472282
1599119403515904.000000 251.615 -10.1013 -7.9966 0.551578 -0.0688675
1599119403515904.000000 249.807 -10.0507 -7.92237 0.274319 -0.0346121
1599119403515904.000000 247.796 -9.90613 -8.1304 -0.325076 0.0399614
1599119403515904.000000 245.85 -9.75609 -8.17633 -0.210919 0.0257905
1599119403515904.000000 244.033 -9.62576 -8.1519 -0.38947 0.0477404
1599119403515904.000000 242.35 -9.5172 -8.13294 -0.30193 0.0371073
1599119403515904.000000 240.804 -9.42607 -8.11443 -0.246264 0.0303396
1599119403515904.000000 239.397 -9.34024 -8.1126 -0.200213 0.0246742
1599119403515904.000000 238.096 -9.25763 -8.11494 -0.175778 0.0216576
1599119403515904.000000 236.83 -9.1887 -8.09727 -0.327293 0.0403981
1599119403515904.000000 235.567 -9.10397 -8.12238 -0.4664 0.0573586
1599119403515904.000000 234.375 -9.00467 -8.1598 -0.335674 0.0411143
1599119403515904.000000 232.983 -8.89086 -8.20147 -0.170784 0.0208206
1599119403515904.000000 231.614 -8.77113 -8.21287 -0.0460312 0.00560471
1599119403515904.000000 230.169 -8.65468 -8.20557 0.0799885 -0.00974777
1599119403515904.000000 228.752 -8.54715 -8.18891 0.140834 -0.0171964
1599119403515904.000000 227.367 -8.45101 -8.16872 0.170853 -0.0209124
1599119403515904.000000 226.062 -8.36048 -8.15512 0.193005 -0.0236623
1599119403515904.000000 224.834 -8.27892 -8.1337 0.237637 -0.029208
1599119403515904.000000 223.682 -8.21328 -8.10416 0.218934 -0.0270084
1599119403515904.000000 222.529 -8.14932 -8.07907 0.277919 -0.0343863
1599119403515904.000000 221.436 -8.0901 -8.05861 0.300679 -0.0372942
1599119403515904.000000 220.396 -8.04025 -8.04052 0.272691 -0.0339017
1599119403515904.000000 219.222 -8.00852 -7.9928 0.187041 -0.0233969
1599119403515904.000000 218.12 -7.99939 -7.94837 -0.0252793 0.00318043
1599119403515904.000000 217.088 -7.99887 -7.88694 -0.0211256 0.00267855
1599119403515904.000000 216.052 -8.00063 -7.84329 0.0773111 -0.00985666
1599119403515904.000000 215.007 -8.00735 -7.81659 0.0660657 -0.00845179
1599119403515904.000000 213.665 -7.99188 -7.83833 -0.19427 0.0247795
1599119403515904.000000 212.4 -7.97841 -7.83609 -0.0511443 0.00652668
1599119403515904.000000 211.079 -7.99197 -7.79994 -0.314713 0.0403262
1599119403515904.000000 209.776 -8.03021 -7.77626 -0.180179 0.0231662
1599119403515904.000000 208.548 -8.07049 -7.77091 -0.0893985 0.0115037
1599119403515904.000000 207.39 -8.11161 -7.76535 -0.0281067 0.00361949
1599119403515904.000000 206.294 -8.17013 -7.73879 -0.0306683 0.00396291
1599119403515904.000000 205.283 -8.22676 -7.7335 0.0071646 -0.000926436
1599119403515904.000000 204.321 -8.2829 -7.72589 -0.124221 0.0160772
1599119403515904.000000 203.404 -8.33436 -7.72569 -0.116114 0.0150285
1599119403515904.000000 202.529 -8.38175 -7.72298 -0.219535 0.0284186
1599119403515904.000000 201.684 -8.41408 -7.7393 -0.134706 0.0174036
1599119403515904.000000 200.855 -8.43111 -7.75157 -0.272279 0.0351112
1599119403515904.000000 200.049 -8.43327 -7.77148 -0.212201 0.0272983
1599119403515904.000000 199.262 -8.42569 -7.78191 -0.294388 0.0378118
1599119403515904.000000 198.498 -8.42099 -7.77894 -0.369519 0.0474668
1599119403515904.000000 197.755 -8.40716 -7.79599 -0.295386 0.0378713
1599119403515904.000000 197.024 -8.38545 -7.81117 -0.228774 0.0292797
1599119403515904.000000 196.308 -8.35764 -7.82366 -0.163689 0.0209192
1599119403515904.000000 195.604 -8.31694 -7.84252 -0.133772 0.0170557
1599119403515904.000000 194.908 -8.26473 -7.86114 -0.0431468 0.00548856
1599119403515904.000000 194.223 -8.20587 -7.87363 -0.157075 0.0199469
1599119403515904.000000 193.545 -8.13414 -7.89534 -0.0575983 0.0072951
1599119403515904.000000 192.871 -8.05767 -7.90865 -0.127633 0.016137
1599119403515904.000000 192.205 -7.97625 -7.92266 -0.0578575 0.00730265
1599119403515904.000000 191.543 -7.89127 -7.93615 -0.123613 0.0155747
1599119403515904.000000 190.885 -7.80272 -7.94949 -0.0543968 0.00684271
1599119403515904.000000 190.235 -7.7122 -7.95873 0.0462469 -0.00581078
1599119403515904.000000 189.584 -7.62026 -7.96531 0.137577 -0.0172704
1599119403515904.000000 188.934 -7.52676 -7.97238 0.19382 -0.0243066
1599119403515904.000000 188.256 -7.43425 -7.97446 0.252749 -0.0316842
1599119403515904.000000 187.584 -7.34795 -7.98156 0.155289 -0.0194535
1599119403515904.000000 186.917 -7.26064 -7.98292 0.24045 -0.0301114
1599119403515904.000000 186.221 -7.17247 -7.98476 0.292547 -0.0366217
1599119403515904.000000 185.533 -7.08634 -7.98529 0.323352 -0.0404714
1599119403515904.000000 184.852 -7.00394 -7.98345 0.345961 -0.0433077
1599119403515904.000000 184.181 -6.93043 -7.98827 0.22774 -0.0285016
1599119403515904.000000 183.521 -6.86048 -7.98342 0.25592 -0.0320455
1599119403515904.000000 182.868 -6.79608 -7.9732 0.275135 -0.0344938
1599119403515904.000000 182.213 -6.73787 -7.95765 0.290252 -0.0364584
1599119403515904.000000 181.576 -6.68947 -7.94952 0.174238 -0.0219145
1599119403515904.000000 180.934 -6.6504 -7.93803 0.0624922 -0.00787233
1599119403515904.000000 180.275 -6.61905 -7.91806 0.0853789 -0.0107824
1599119403515904.000000 179.624 -6.59733 -7.89489 0.109713 -0.0138958
1599119403515904.000000 178.985 -6.58735 -7.86716 0.131148 -0.0166687
1599119403515904.000000 178.355 -6.58646 -7.84542 0.119892 -0.0152806
1599119403515904.000000 177.733 -6.59034 -7.8315 0.109307 -0.0139565
1599119403515904.000000 177.128 -6.59798 -7.82014 0.0990521 -0.0126656
1599119403515904.000000 176.527 -6.6045 -7.81836 0.0192803 -0.00246602
1599119403515904.000000 175.924 -6.60692 -7.82162 -0.0549575 0.00702625
1599119403515904.000000 175.324 -6.60344 -7.82839 -0.121401 0.0155066
1599119403515904.000000 174.714 -6.59297 -7.83775 -0.187729 0.0239473
1599119403515904.000000 174.1 -6.57074 -7.85422 -0.24215 0.0308207
1599119403515904.000000 173.493 -6.55714 -7.84995 -0.157977 0.0201219
1599119403515904.000000 172.887 -6.54566 -7.84795 -0.245053 0.0312149
1599119403515904.000000 172.277 -6.53248 -7.85045 -0.325494 0.0414381
1599119403515904.000000 171.638 -6.52295 -7.85392 -0.273056 0.0347528
1599119403515904.000000 170.974 -6.52109 -7.85341 -0.13291 0.0169222
1599119403515904.000000 170.323 -6.5261 -7.84798 -0.0466379 0.00594259
1599119403515904.000000 169.683 -6.54209 -7.83498 -0.147262 0.0187932
1599119403515904.000000 169.067 -6.56842 -7.82141 -0.234574 0.0299823
1599119403515904.000000 168.461 -6.59684 -7.81575 -0.311887 0.0398838
1599119403515904.000000 167.865 -6.63379 -7.80366 -0.381919 0.048902
1599119403515904.000000 167.301 -6.67725 -7.79936 -0.281679 0.0361
1599119403515904.000000 166.69 -6.7237 -7.79403 -0.33572 0.0430474
1599119403515904.000000 166.081 -6.77327 -7.78583 -0.407712 0.0523181
1599119403515904.000000 165.45 -6.82812 -7.77627 -0.481665 0.0618613
1599119403515904.000000 164.74 -6.88405 -7.78931 -0.203973 0.0261803
1599119403515904.000000 162.723 -7.01553 -3.31685 -0.174305 0.0525031
